x1 = 20.36;
x2 = 25.0000369;
x3 = 0.2548;
%x= ;
res = LSTMfinal1network([x1; x2; x3;]);